1 705 501
2 781 452
3 879 422
4 940 493
5 763 520
6 844 535
7 984 560
8 633 606
9 735 607
10 838 614
11 995 632
12 729 660
13 925 668
14 800 710
15 645 740
16 781 768
17 905 746
18 958 798
19 655 804
20 745 810
21 927 833
22 638 878
23 781 856
24 736 953
25 830 934
26 864 987
27 751 1052
28 648 1148
29 604 925
30 605 515
31 825 356
32 907 368
33 916 132
34 951 84
35 1035 195
36 992 313
37 1124 373
38 1129 246
39 1141 118
40 1312 50
41 1392 7
42 1511 64
43 1222 239
44 1292 284
45 1462 197
46 1281 410
47 1357 354
48 1509 324
49 1631 276
50 1672 351
51 1517 422
52 1316 486
53 1276 613
54 1373 603
55 1570 570
56 1298 718
57 1383 674
58 1579 640
59 1360 845
60 1538 812
61 1635 804
62 1220 933
63 1446 938
64 1724 975
65 1268 1117
66 1422 1075
67 1555 1080
68 1408 1166
69 1600 1194
70 1038 500
71 1076 632
72 1194 633
73 1045 796
74 1021 862
75 1158 867
76 897 1052
77 1071 1001
78 990 1120
79 1099 1142
80 823 1210
81 948 1224
82 463 1332
83 687 1335
84 803 1330
85 1127 1289
86 1363 1258
87 1484 1191
88 1599 1286
89 1693 1238
90 1604 1502
91 1382 1395
92 1400 1488
93 1440 1607
94 1241 1424
95 1280 1561
96 1066 1463
97 1096 1614
98 965 1377
99 905 1506
100 804 1505
101 717 1517
102 582 1429
103 467 1456
104 521 1539
105 383 1497
106 290 1543
107 217 1595
108 82 1555
109 96 1371
110 333 1388
111 412 1313
112 244 1297
113 247 1228
114 176 1163
115 341 1161
116 543 1184
117 150 1034
118 299 1060
119 431 1034
120 472 926
121 263 908
122 339 837
123 509 740
124 30 893
125 272 736
126 110 705
127 231 614
128 433 628
129 363 557
130 76 577
131 52 498
132 141 451
133 318 483
134 411 456
135 511 462
136 95 363
137 260 377
138 210 286
139 89 105
140 132 22
141 190 128
142 287 199
143 338 301
144 470 325
145 449 197
146 389 72
147 513 71
148 577 189
149 579 361
150 657 35
151 669 228
152 715 293
153 827 295
154 841 48